Date,Time,Contract,Open,High,Low,Close,UnadjustedClose,CumulativeSpread,TickCount,TradeVolume
2002-04-18,08:31:00,JG2002M,138.22,138.22,138.22,138.22,138.22,1,1,0
2002-04-18,08:32:00,JG2002M,138.22,138.22,138.22,138.22,138.22,1,1,0
2002-04-18,08:36:00,JG2002M,138.22,138.22,138.22,138.22,138.22,1,1,0
2002-04-18,08:37:00,JG2002M,138.22,138.22,138.22,138.22,138.22,1,1,0
2002-04-18,08:38:00,JG2002M,138.22,138.22,138.22,138.22,138.22,1,1,0
2002-04-18,08:39:00,JG2002M,138.22,138.22,138.22,138.22,138.22,1,1,0
2002-04-18,08:43:00,JG2002M,138.20,138.20,138.20,138.20,138.20,1,1,0
2002-04-18,08:44:00,JG2002M,138.19,138.19,138.19,138.19,138.19,1,1,0
2002-04-18,08:59:00,JG2002M,138.17,138.17,138.17,138.17,138.17,1,1,0
2002-04-18,09:03:00,JG2002M,138.19,138.19,138.19,138.19,138.19,1,1,0
2002-04-18,11:32:00,JG2002M,138.30,138.30,138.30,138.30,138.30,1,1,0
2002-04-18,12:17:00,JG2002M,138.27,138.27,138.27,138.27,138.27,1,1,0
2002-04-18,13:59:00,JG2002M,138.12,138.12,138.12,138.12,138.12,1,1,0
2002-04-18,17:15:00,JG2002M,138.10,138.10,138.10,138.10,138.10,1,1,0
2002-04-19,08:24:00,JG2002M,138.13,138.13,138.13,138.13,138.13,1,1,0
2002-04-19,08:28:00,JG2002M,138.15,138.15,138.15,138.15,138.15,1,1,0
2002-04-19,14:00:00,JG2002M,138.25,138.25,138.25,138.25,138.25,1,1,0
2002-04-19,14:31:00,JG2002M,138.19,138.19,138.19,138.19,138.19,1,1,0
2002-04-19,17:15:00,JG2002M,138.25,138.25,138.25,138.25,138.25,1,1,0
2002-04-22,08:41:00,JG2002M,138.21,138.21,138.21,138.21,138.21,1,1,0
2002-04-22,17:15:00,JG2002M,138.18,138.18,138.18,138.18,138.18,1,1,0
2002-04-23,09:46:00,JG2002M,138.07,138.07,138.07,138.07,138.07,1,1,0
2002-04-23,17:15:00,JG2002M,138.07,138.07,138.07,138.07,138.07,1,1,0
2002-04-24,16:13:00,JG2002M,137.86,137.86,137.86,137.86,137.86,1,1,0
2002-04-24,17:15:00,JG2002M,137.84,137.84,137.84,137.84,137.84,1,1,0
2002-04-25,09:18:00,JG2002M,137.73,137.73,137.73,137.73,137.73,1,1,0
2002-04-25,17:15:00,JG2002M,137.85,137.85,137.85,137.85,137.85,1,1,0
2002-04-26,08:02:00,JG2002M,137.86,137.86,137.86,137.86,137.86,1,1,0
2002-04-26,17:15:00,JG2002M,138.14,138.14,138.14,138.14,138.14,1,1,0
2002-04-30,14:33:00,JG2002M,138.64,138.64,138.64,138.64,138.64,1,1,0
2002-04-30,15:57:00,JG2002M,138.63,138.63,138.63,138.63,138.63,1,1,0
2002-04-30,17:15:00,JG2002M,138.69,138.69,138.69,138.69,138.69,1,1,0
2002-05-01,08:04:00,JG2002M,138.74,138.74,138.74,138.74,138.74,1,1,0
2002-05-01,08:05:00,JG2002M,138.73,138.73,138.73,138.73,138.73,1,1,0
2002-05-01,08:07:00,JG2002M,138.72,138.72,138.72,138.72,138.72,1,1,0
2002-05-01,08:27:00,JG2002M,138.73,138.73,138.73,138.73,138.73,1,1,0
2002-05-01,08:28:00,JG2002M,138.72,138.72,138.71,138.71,138.71,1,2,0
2002-05-01,12:52:00,JG2002M,138.58,138.58,138.58,138.58,138.58,1,1,0
2002-05-01,17:15:00,JG2002M,138.73,138.73,138.73,138.73,138.73,1,1,0
2002-05-02,08:17:00,JG2002M,138.76,138.76,138.76,138.76,138.76,1,1,0
2002-05-02,09:12:00,JG2002M,138.70,138.70,138.70,138.70,138.70,1,1,0
2002-05-02,13:22:00,JG2002M,138.60,138.60,138.60,138.60,138.60,1,1,0
2002-05-02,17:15:00,JG2002M,138.70,138.70,138.70,138.70,138.70,1,1,0
2002-05-07,08:51:00,JG2002M,138.82,138.82,138.82,138.82,138.82,1,1,0
2002-05-07,09:27:00,JG2002M,138.83,138.83,138.83,138.83,138.83,1,1,0
2002-05-07,09:42:00,JG2002M,138.77,138.77,138.77,138.77,138.77,1,1,0
2002-05-07,17:15:00,JG2002M,138.86,138.86,138.86,138.86,138.86,1,1,0
2002-05-08,11:31:00,JG2002M,138.82,138.82,138.82,138.82,138.82,1,1,0
2002-05-08,11:48:00,JG2002M,138.75,138.75,138.75,138.75,138.75,1,1,0
2002-05-08,17:15:00,JG2002M,138.74,138.74,138.74,138.74,138.74,1,1,0
2002-05-09,07:47:00,JG2002M,138.70,138.70,138.70,138.70,138.70,1,1,0
2002-05-09,07:52:00,JG2002M,138.69,138.69,138.69,138.69,138.69,1,1,0
2002-05-09,08:36:00,JG2002M,138.70,138.70,138.70,138.70,138.70,1,1,0
2002-05-09,13:25:00,JG2002M,138.75,138.75,138.75,138.75,138.75,1,1,0
2002-05-09,17:15:00,JG2002M,138.81,138.81,138.81,138.81,138.81,1,1,0
2002-05-10,17:15:00,JG2002M,138.83,138.83,138.83,138.83,138.83,1,1,0
2002-05-13,08:16:00,JG2002M,138.81,138.81,138.81,138.81,138.81,1,1,0
2002-05-13,17:15:00,JG2002M,138.85,138.85,138.85,138.85,138.85,1,1,0
2002-05-14,09:22:00,JG2002M,138.90,138.90,138.90,138.90,138.90,1,1,0
2002-05-14,09:27:00,JG2002M,138.91,138.91,138.91,138.91,138.91,1,1,0
2002-05-14,17:15:00,JG2002M,139.00,139.00,139.00,139.00,139.00,1,1,0
2002-05-15,17:15:00,JG2002M,139.05,139.05,139.05,139.05,139.05,1,1,0
2002-05-16,08:02:00,JG2002M,139.11,139.11,139.11,139.11,139.11,1,1,0
2002-05-16,17:15:00,JG2002M,138.96,138.96,138.96,138.96,138.96,1,1,0
2002-05-17,13:26:00,JG2002M,138.97,138.97,138.97,138.97,138.97,1,1,0
2002-05-17,17:15:00,JG2002M,139.01,139.01,139.01,139.01,139.01,1,1,0
2002-05-20,07:46:00,JG2002M,138.90,138.90,138.90,138.90,138.90,1,1,0
2002-05-20,08:51:00,JG2002M,138.87,138.87,138.87,138.87,138.87,1,1,0
2002-05-20,08:53:00,JG2002M,138.86,138.86,138.86,138.86,138.86,1,1,0
2002-05-20,17:15:00,JG2002M,138.75,138.75,138.75,138.75,138.75,1,1,0
2002-05-21,08:13:00,JG2002M,138.70,138.70,138.70,138.70,138.70,1,1,0
2002-05-21,17:15:00,JG2002M,138.63,138.63,138.63,138.63,138.63,1,1,0
2002-05-22,11:32:00,JG2002M,138.68,138.68,138.68,138.68,138.68,1,1,0
2002-05-22,12:09:00,JG2002M,138.69,138.69,138.69,138.69,138.69,1,1,0
2002-05-22,13:41:00,JG2002M,138.60,138.60,138.60,138.60,138.60,1,1,0
2002-05-22,17:15:00,JG2002M,138.62,138.62,138.62,138.62,138.62,1,1,0
2002-05-23,09:00:00,JG2002M,138.64,138.64,138.64,138.64,138.64,1,1,0
2002-05-23,09:06:00,JG2002M,138.59,138.59,138.59,138.59,138.59,1,1,0
2002-05-23,15:41:00,JG2002M,138.27,138.27,138.27,138.27,138.27,1,1,0
2002-05-23,17:15:00,JG2002M,138.26,138.26,138.26,138.26,138.26,1,1,0
2002-05-24,09:23:00,JG2002M,138.46,138.46,138.46,138.46,138.46,1,1,0
2002-05-24,17:15:00,JG2002M,138.40,138.40,138.40,138.40,138.40,1,1,0
2002-05-27,17:15:00,JG2002M,138.35,138.35,138.35,138.35,138.35,1,1,0
2002-05-28,17:15:00,JG2002M,138.70,138.70,138.70,138.70,138.70,1,1,0
2002-05-29,09:04:00,JG2002M,138.64,138.64,138.64,138.64,138.64,1,1,0
2002-05-29,11:59:00,JG2002M,138.77,138.77,138.64,138.64,138.64,1,2,0
2002-05-29,12:53:00,JG2002M,138.76,138.76,138.76,138.76,138.76,1,1,0
2002-05-29,17:15:00,JG2002M,138.65,138.65,138.65,138.65,138.65,1,1,0
2002-05-30,08:55:00,JG2002M,138.90,138.90,138.90,138.90,138.90,1,1,0
2002-05-30,09:01:00,JG2002M,138.92,138.92,138.92,138.92,138.92,1,1,0
2002-05-30,09:38:00,JG2002M,139.00,139.00,139.00,139.00,139.00,1,1,0
2002-05-30,09:47:00,JG2002M,139.00,139.00,139.00,139.00,139.00,1,1,0
2002-05-30,17:15:00,JG2002M,139.05,139.05,139.05,139.05,139.05,1,1,0
2002-05-31,08:51:00,JG2002M,139.01,139.01,139.01,139.01,139.01,1,1,0
2002-05-31,08:56:00,JG2002M,139.02,139.02,139.02,139.02,139.02,1,1,0
2002-05-31,09:51:00,JG2002M,138.88,138.88,138.88,138.88,138.88,1,1,0
2002-05-31,17:15:00,JG2002M,139.09,139.09,139.09,139.09,139.09,1,1,0
2002-06-03,08:30:00,JG2002M,139.14,139.14,139.14,139.14,139.14,1,1,0
2002-06-03,11:26:00,JG2002M,139.14,139.14,139.14,139.14,139.14,1,1,0
